4.106121276288527966e-01
-2.198775001684709005e-02
3.834797641052927752e-01
3.894057928271492108e-01
2.745249296953035656e-01
4.052799095033272625e-01
1.099965166766254110e-01
6.281118529815529761e-02
-1.431026723585772549e-02
-1.337388794411690507e-01
2.437675179705819650e-01
5.026225624900509947e-02
1.195583468570991098e-02
-2.073988347200621946e-02
-1.386937557589867087e-01
-1.199601052200059692e-01
-1.573174721581223068e-01
-8.357063256070162982e-02
-5.931287789260211024e-02
-8.309416096982617794e-02
-1.033676881328292052e-01
-9.784889599987851849e-02
6.029075141185990909e-03
2.049349286675008000e-02
3.199436331156561564e-01
2.482964987546043278e-01
-2.336689951159076628e-01
2.997273972949516807e-01
-4.125833056553902811e-02
2.727266226602265142e-01
-1.080492312823983780e-01
-2.281398475857224495e-01
1.879987112521156259e-02
7.968888478788870300e-01
-7.515345962238514921e-02
-5.704432051606466159e-01
-1.302285063895736450e-01
-1.154339476522409647e-01
-1.581578822866031298e-01
-9.443569772195502601e-03
-2.460451828772691057e-02
3.762389188969083587e-01
-9.255511779354942681e-02
-1.535562002601680853e-01
-1.221822300754225460e-01
-2.759916321255695970e-01
-6.854776805363484160e-02
3.286133068593476980e-01
5.740048946303390187e-02
4.363305323529072244e-02
4.093434984477660465e-02
-3.200822905273562058e-02
-1.393411048326099466e-01
7.168571222026822731e-01
-3.432659180370533636e-01
-1.480511845344923416e-01
-4.071268102366232267e-01
-2.513399329296913121e-01
2.272694730509772776e-01
-5.069133786455110730e-02
2.401560706563733369e-02
-1.564201992011299003e-01
-6.191316905100335832e-02
1.490218584078390196e-01
1.747235752222059055e-02
2.253172629748392830e-02
3.873863453070076207e-03
-3.495673077388278260e-02
1.081385835404437452e-02
-3.979526071180289337e-02
-2.103036185763721214e-02
-3.375824624248999206e-02
2.681899005447421769e-02
3.305692714370966206e-02
2.234404131440959410e-02
-3.706332490675028827e-04
-3.246515411984958466e-02
-2.836422606858329809e-02
-4.524886877828039090e-03
-1.323875172656908267e-02
9.510545554460377374e-03
1.821534256910278511e-03
2.850736810384918440e-02
2.231256530844464084e-02
-1.208935073747389490e-02
1.780628651748674546e-02
-1.619908708263822703e-02
3.495880710432809624e-02
-1.517672906291726680e-02
-1.091384856829218930e-01
-3.168978402926055093e-02
-2.170548420120915062e-02
-2.146819380310135278e-02
2.807650857164026639e-02
-1.933657833722514287e-03
-2.558199814999929239e-02
-3.837307257770811164e-02
-7.075005709430883492e-03
-7.665691775924360872e-03
3.343066382169578715e-02
-1.335727633157146946e-02
-2.351826259765154442e-02
5.704123757279452173e-02
-2.510607604109738739e-02
1.746704662852733084e-02
5.526319276893834273e-03
