-1.353255545616055822e-01
5.736743337427252683e-03
-1.215030196459461892e-01
-1.251094597790495810e-01
-8.319868643976670308e-02
-1.266698648281430473e-01
-3.389594743030410751e-02
-1.930878405217094015e-02
7.683864058083918203e-03
4.971791080148135061e-02
-7.957444173248449937e-02
-1.948101099818917367e-02
-1.144951874486246739e-02
7.449877846251960582e-03
4.026796057033139864e-02
3.634299506991729017e-02
4.488803003777566691e-02
2.605597562725395569e-02
2.123329055226185966e-02
2.309714701004873111e-02
3.508029152974701664e-02
3.047323637719499129e-02
-1.053430546404924293e-03
-1.940626206845348341e-03
-1.048135562438594626e-01
-6.871267538445316458e-02
7.297494841154851530e-02
-1.038843980863236455e-01
1.222157946845485108e-02
-8.495917298723686117e-02
4.058506290575909781e-02
7.663469543735071388e-02
-6.293137644258363535e-03
-2.505943543674830631e-01
2.313459618759016942e-02
1.751039351464915017e-01
4.468769804207323865e-02
3.487588036621674242e-02
5.265151957880371408e-02
2.997307622226776883e-03
1.186098507218393862e-02
-1.216647782825220209e-01
2.911485088508716443e-02
5.025341497688626258e-02
3.519734586173353663e-02
8.747631256050751591e-02
1.074402564733861407e-02
-1.020171451297978149e-01
-1.847226397727586705e-02
-1.475466759779757095e-02
-2.057524415219643202e-02
1.813475722200193554e-02
4.067278080516315703e-02
-2.259106456484106795e-01
1.011575468956790597e-01
4.111222799089784413e-02
1.297618357203365602e-01
8.886654918455143271e-02
-6.909105720168948195e-02
1.562854935888581195e-02
-1.249723665067523515e-03
4.934143414938804706e-02
1.687780228360130988e-02
-4.934249341661351568e-02
-3.291394911087786382e-03
-4.346805736163571535e-03
-6.812678855884292221e-03
1.109475702075715664e-02
1.254712687444184481e-04
1.772616413922344092e-02
3.711391747201660870e-03
1.391156463097858835e-02
-7.431868959868428342e-04
-6.944156541866836931e-03
-6.119719956542299388e-03
-7.550012802088650748e-03
7.335940762798666241e-03
9.659684080017248448e-04
5.410133346355292666e-03
4.201826709772229357e-03
-1.203766587916196623e-03
7.898705343038929299e-04
-1.115235313755235866e-02
-5.010413823652152578e-03
2.425005171419126386e-04
-2.739069516393704933e-03
1.712016585477581579e-02
-1.026523902251983734e-02
9.375440462527983437e-03
3.737195611157575342e-02
9.489825711212429571e-03
1.087193885533939549e-03
4.468914856802697413e-03
-9.490260484312383962e-03
3.599111780228737411e-03
-3.054694773483051205e-03
3.813927257518068444e-03
-5.560781223714340339e-03
6.143447415390660901e-03
-3.211143771643158295e-03
-1.203766587916203128e-03
3.256802535791593432e-03
-2.225511334670952565e-02
2.019210898088303480e-02
-9.848677587151052296e-04
-4.516399374350423424e-04
