5.455408272898711886e-01
2.963324075355667012e-02
3.359615527476877972e-01
2.066688241472672161e+00
3.066824013140023730e-01
3.301843683371420424e-01
2.388900491549411989e-02
-6.660858088524587717e-02
3.379043782346452529e-02
1.206981675812912186e-01
3.663969617843803456e-02
-1.520905517965731868e-01
7.635861890522041562e-02
-5.158746181596051555e-02
-1.009153330600362775e-01
-1.400300821591549116e-01
-2.735114756167731365e-01
-1.185413559879853612e-01
-5.192401935819478398e-01
-2.192230529965868702e-01
-2.410514114984269041e-01
-2.135802643487597630e-01
4.207004061993104959e-04
8.123965024378627942e-02
3.083820652032105425e-01
1.894568151355066343e-01
-4.982099133898831855e-02
3.821118548727626130e-01
-6.014683488451330051e-01
2.121636797593760004e-01
-2.417925750798734577e-02
-3.417117715141134160e-01
2.989813347510204555e-01
8.867425690213511791e-01
-7.216022227957470496e-03
-5.395378760223636938e-01
-2.673291473640641014e-01
-1.838584135063494607e-01
3.413872980257316725e-02
4.138678431581169909e-02
3.852641275942513682e-02
2.286060707200373576e-01
-1.505987191460339825e-01
-1.006079271446162493e-01
-2.110061322180909194e-01
-3.111310471398401889e-01
-2.500310985342062420e-01
2.045713387978481956e-01
1.129164395097326107e-01
1.306604532313828948e-01
1.127279541193375034e-01
-6.023103795617870682e-02
-9.866996804577791991e-02
-1.199357028858896029e-01
3.244304336987055559e-01
-1.071521554909150298e-01
-2.450848459072997587e-01
-6.235900041796482718e-02
2.033146787522074062e-01
-6.446090756180879178e-02
4.859440966594898159e-02
7.510089039261955146e-02
-5.847956803550187210e-01
8.190977600893240007e-02
-4.534473475138516224e-04
-7.934457553645549166e-02
-4.434028165403335747e-02
-2.344832790064657613e-01
6.778543622163929472e-02
-1.791313423161191298e-01
3.168018496682896423e-02
-1.508867214972457044e-03
-2.142455331912345926e-02
5.617566059568453868e-02
6.844016621926800326e-02
7.482820965051296958e-02
-2.373104234546166980e-01
7.439622599070581932e-02
1.068449010653764811e-02
-8.878170726241202404e-02
2.160445141857672002e-01
1.341385247903531096e-03
3.395735500901832238e-02
-1.091570952774147119e-01
-1.716606429227309494e-01
8.024885425229771885e-02
1.022399548070718374e-02
-1.164851614056105870e-02
-1.319032086508890589e-01
8.044739736841803601e-02
-1.547506265942320824e-01
-1.199348566878342959e-01
7.249914409958103934e-02
5.573806332197952379e-02
3.128281855277388526e-03
6.700499973422284483e-02
8.834619950665389965e-02
-1.020307718259826912e-01
-1.161893390000912941e-02
9.383010430166038862e-02
-1.535696007108796890e-01
-1.759062959361228362e-01
9.482966867502652664e-02
-1.222658046513834529e-01
5.125255889640017298e-02
-9.995114130275718767e-02
